             o  ,    o  ,                              CAMBRIDGE, MASSACHUSETTS                        Astronomical Applications Dept.
Location: W071 07, N42 22                           Astronomical Twilight for 1999                     U. S. Naval Observatory        
                                                                                                       Washington, DC  20392-5420     
                                                         Eastern Standard Time                                                        
                                                                                                                                      
                                                                                                                                      
       Jan.       Feb.       Mar.       Apr.       May        June       July       Aug.       Sept.      Oct.       Nov.       Dec.  
Day Begin End  Begin End  Begin End  Begin End  Begin End  Begin End  Begin End  Begin End  Begin End  Begin End  Begin End  Begin End
     h m  h m   h m  h m   h m  h m   h m  h m   h m  h m   h m  h m   h m  h m   h m  h m   h m  h m   h m  h m   h m  h m   h m  h m
01  0532 1804  0522 1834  0447 1907  0351 1947  0251 2033  0202 2123  0158 2138  0241 2100  0329 1959  0407 1900  0442 1813  0513 1753
02  0533 1804  0521 1836  0446 1908  0349 1948  0249 2035  0201 2125  0159 2138  0242 2058  0331 1957  0409 1858  0443 1812  0514 1753
03  0533 1805  0520 1837  0444 1910  0347 1950  0247 2037  0200 2126  0159 2137  0244 2056  0332 1955  0410 1856  0444 1811  0515 1753
04  0533 1806  0519 1838  0442 1911  0345 1951  0245 2038  0159 2127  0200 2137  0245 2054  0333 1953  0411 1855  0446 1810  0516 1753
05  0533 1807  0518 1839  0441 1912  0343 1952  0244 2040  0158 2128  0201 2136  0247 2052  0335 1951  0412 1853  0447 1809  0517 1753
06  0533 1808  0517 1840  0439 1913  0341 1954  0242 2042  0157 2130  0202 2135  0249 2051  0336 1949  0413 1851  0448 1808  0518 1753
07  0533 1809  0516 1841  0438 1914  0339 1955  0240 2043  0157 2131  0203 2134  0250 2049  0337 1946  0414 1849  0449 1807  0519 1753
08  0533 1809  0515 1843  0436 1916  0337 1957  0238 2045  0156 2132  0205 2133  0252 2047  0339 1944  0415 1848  0450 1806  0520 1753
09  0533 1810  0514 1844  0434 1917  0335 1958  0236 2047  0155 2133  0206 2133  0254 2045  0340 1942  0417 1846  0451 1805  0520 1753
10  0533 1811  0513 1845  0432 1918  0333 2000  0234 2049  0155 2134  0207 2132  0255 2043  0341 1940  0418 1844  0452 1804  0521 1753
11  0533 1812  0512 1846  0431 1919  0331 2001  0233 2050  0154 2134  0208 2131  0257 2041  0343 1938  0419 1843  0453 1803  0522 1753
12  0533 1813  0511 1847  0429 1921  0329 2003  0231 2052  0154 2135  0210 2129  0259 2039  0344 1936  0420 1841  0454 1802  0523 1753
13  0532 1814  0510 1848  0427 1922  0327 2004  0229 2054  0153 2136  0211 2128  0300 2037  0345 1934  0421 1840  0455 1802  0523 1754
14  0532 1815  0508 1849  0425 1923  0325 2006  0227 2055  0153 2137  0212 2127  0302 2035  0347 1932  0422 1838  0456 1801  0524 1754
15  0532 1816  0507 1851  0423 1924  0323 2007  0226 2057  0153 2137  0214 2126  0303 2033  0348 1930  0423 1836  0457 1800  0525 1754
16  0532 1817  0506 1852  0422 1926  0321 2009  0224 2059  0153 2138  0215 2125  0305 2031  0349 1928  0425 1835  0459 1759  0526 1754
17  0531 1818  0505 1853  0420 1927  0319 2010  0222 2100  0153 2138  0217 2123  0307 2029  0351 1926  0426 1833  0500 1759  0526 1755
18  0531 1819  0503 1854  0418 1928  0317 2012  0221 2102  0152 2139  0218 2122  0308 2027  0352 1924  0427 1832  0501 1758  0527 1755
19  0530 1820  0502 1855  0416 1929  0315 2014  0219 2104  0152 2139  0220 2121  0310 2025  0353 1923  0428 1830  0502 1758  0527 1756
20  0530 1821  0501 1857  0414 1931  0313 2015  0218 2105  0153 2139  0221 2119  0311 2023  0354 1921  0429 1829  0503 1757  0528 1756
21  0529 1822  0459 1858  0412 1932  0311 2017  0216 2107  0153 2140  0223 2118  0313 2021  0356 1919  0430 1827  0504 1756  0528 1756
22  0529 1823  0458 1859  0410 1933  0309 2018  0215 2109  0153 2140  0224 2116  0314 2019  0357 1917  0431 1826  0505 1756  0529 1757
23  0528 1825  0456 1900  0409 1935  0307 2020  0213 2110  0153 2140  0226 2115  0316 2017  0358 1915  0432 1825  0506 1755  0529 1757
24  0528 1826  0455 1901  0407 1936  0305 2022  0212 2112  0154 2140  0227 2113  0317 2015  0359 1913  0433 1823  0507 1755  0530 1758
25  0527 1827  0453 1902  0405 1937  0303 2023  0210 2113  0154 2140  0229 2112  0319 2013  0400 1911  0435 1822  0508 1755  0530 1759
26  0527 1828  0452 1904  0403 1939  0301 2025  0209 2115  0154 2140  0231 2110  0320 2011  0402 1909  0436 1821  0509 1754  0531 1759
27  0526 1829  0450 1905  0401 1940  0259 2027  0208 2116  0155 2140  0232 2108  0322 2009  0403 1907  0437 1819  0510 1754  0531 1800
28  0525 1830  0449 1906  0359 1941  0257 2028  0207 2118  0156 2139  0234 2107  0323 2007  0404 1905  0438 1818  0511 1754  0531 1800
29  0524 1831             0357 1943  0255 2030  0205 2119  0156 2139  0236 2105  0325 2005  0405 1904  0439 1817  0512 1753  0532 1801
30  0524 1832             0355 1944  0253 2032  0204 2121  0157 2139  0237 2103  0326 2003  0406 1902  0440 1816  0513 1753  0532 1802
31  0523 1833             0353 1945             0203 2122             0239 2102  0328 2001             0441 1814             0532 1803

                                             Add one hour for daylight time, if and when in use.
